cid
318687
1308541
452618
1163572
1668465
1308542
1163577
79015
1564847
302389
302390
420607
420608
420610
295626
536543
536544
536545
9987
10005
1333348
247967
103910
1116918
1668407
103893
1738576
103903
1333348
1308543
1564837
1116917
1116918
1130047
1163569
1163571
1646993
295628
364570
364894
1409599
200620
1427751
364897
1095922
1249229
318687
446325
311451
1085240
98305
259785
200620
329740
452945
536543
549147
1071836
1156030
1163569
1320713
46583
364895
1174855
364895
1200792
733780
1156031
1249230
1156029
364895
546270
364897
1156029
747456
103910
1188613
1772157
1328942
1233703
1437042
103065
452430
1320713
1095925
462569
549148
665697
1130054
1163571
247560
1604238
1597934

























1163571
1163570
1406932
1419577
593219
1328943
1635052
452430
1199606
1646996
446325
420608
436376
549147
549148
549149
1419585
1379993
515763
1325817
1166652
344959
536545
536544
1071835
641106
665695
665694
665697
665696
733798
1063891
1174443
1174854
1156031
1188614
1408299
1174443
460542
1200792
489035
103910
1336850
1336851
200620
1419584
1427267
1233701
95299
1325817
1410099
629738
383188
452430
1095925
536544
549148
1071835
665695
774035
201445
1188610
364895
1156029
1174855
1249228
1188619
1156030
1327718
460540
667392
1156030
1249228
201319
1063889
1327720
1597929
1188621
1772157
1328942
1233701
1233703
452430
452616
412471
491598
536546
549146
1071836
665693
733800
83625
1277233
1188611
462568
778900
1156029
1188614
1327718
1087248
1188609
1188614
1130047
1306222
1248656
491598
92134
1188614
1204349
1200791
1233701
641153
462568
1327720
667446
778900
1061766
1186148
1061766
1174855
1239248
1286194
307553
452945
344960
641106
641108
667445
1634797
1061765
201319
1188622
247553
667441
1324441
1188621
634096
1419580
1537670
1419584
1328944
1635052
641154
758734
344960
665695
774036
1167560
247856
1188621
462569
1191140
1668440
759071
1756093
1167562
1186726
641106
665694
1199602
1352104
667446
1200793
1327719
255955
1327717
1419585
1427269
391026
436376
452430
1071834
667443
1188613
758731
1270293
462569
1084276
552711
1239248
1751943
1301466
1427270
1427267
1328942
1186725
1646997
758734
774033
423636
87593
103891
103893
634098
1427264
1286193
1286194
1564848
1564849
1398541
1398542
1398543
1398544
1557466
426989
426990
1225511
1225512
1668380
1668381
1668382
1668384
452430
329740
545769
329739
329742
1324442
744269
1427269
1403210
744269
340661
391026
486191
502016
1204350
1320714
747455
1188615
247553
1427272
1751940
1453612
1328944
1249226
1320715
247607
1188610
1061765
1188622
1174444
1328943
453127
452945
617316
1174854
1071834
1188614
1197163
1306222
1061765
1381213
634094
1419586
1427265
1233702
1183093
1388215
1199601
1085241
1085240
1199605
1087249
1767585
1174444
634095
1327720
1301463
93867
1395722
1095923
1095924
1188621
460540
1764211
552710
1427269
759071
1328944
1313649
247513
1327721
1277233
1249227
1474392
1095921
95151
87594
1427268
1371369
1233702
95299
452430
545770
545771
456903
536545
1170196
735910
733305
1061763
1167563
101955
103213
1061765
1306221
1585987
1061764
667390


























1061765
247607
1327720
1352103
742159
634095
1427268
1328943
1183373
1324441
1061764
552710
1306221
634095
1765547
1537669
1198221
1403210
1403209
452948
453127
1627198
1270317
1174443
742064
1328944
1199603
1167560
247573
1200792
552710
247573
1507185
1061763
247573
1313649
1324441
634097
634094
1328945
1328942
1635052
735529
1199605
452945
741877
247628
742380
1061763
1087249
255955
1174444
1537672
1328945
383188
1199601
452945
1087249
247555
1327717
1061763
634098
634097
1417243
665696
1085241
1191141
1061763
1408299
87594
411503
103893
634096
1371373
1371377
1371379
1635051
94814
545770
397399
545771
261538
452948
436376
452945
491598
452616
641108
641106
733303
733304
1167561
1167560
1170197
103212
247553
247555
1188621
247554
1117003
1311711
1427752
1419577
634097
1693874
1328945
1328944
1525918
452950
758733
1117003
1174443
1188614
747456
1188609
552713
634095
1575595
1537811
1328944
1328945
340661
1199603
735911
247665
1204352
1198225
404179
1186148
747456
1200791
1324441
567809
1311710
1188614
634097
1427266
1419580
1403209
1199603
307552
1061763
247607
1328946
1530770
492147
340661
641107
1170196
1199601
1204351
1087247
1188616
1200794
1306222
1084276
1324441
634096
1419577
294571
391026
255955
1188613
742058
1427263
1233701
439063
1055642
247607
1061763
1188620
1188615
1188609
742144
1327721
95299
1592025
1055643
247513
1188622
1327717
1427265
1419583
1328945
1320711
1095923
502017
1085240
1055642
1352105
1188608
1204350
103893
103891
634095
1371372
1427265
1328943
1328942
759071
1417244
1071836
545768
452948
453128
641108
1093428
103212
219417
105049
1061764
1087250
247555
1084276
1320715
1597169
452948
452946
665694
1515009
1188614
1395070
634098
759071
1427267
1427265
1328943
1403208
452948
453128
665697
1055642
1085240
1427752
1324442
1327720
462568
1087248
1188610
1328944
687731
1320714
1199601
452948
1095924
1199602
1320710
247513
742397
247563
1200794
1352105
552711
1849
634098
1328945
334058
247607
462568
247573
1188607
1191140
1311711
667175
1328945
687730
1233701
1199603
758733
617317
453127
1061763
667391
1188615
634094
1427269
391026
255916
552711
634098
1327718
1419578
1611001
1183372
1320711
247665
247555
1084276
247564
1327719
247566
634095
634098
1388217
452948
1199603
1767582
747456
1249230
1188621
1191140
687730
1320715
1055643
391026
1095921
1188607
1313649
1084277
95151
687730
545771
545769
1170197
735910
1085241
1071836
1167558
1167563
1391587
1326716
1427754
1306221
1327717
1270291
667392
1419586
470665
1249227
294244
1199603
247607
1627197
86108
1424446
1199601
1085241
1055643
741865
1198225
1233702
452950
1403208
1117003
1167559
1087247
1306221
744267
634094
759071
744267
1680589
452946
1199601
1320711
247553
92134
1604261
759071
1321020
1233703
95299
81462
247607
1061764
1061763
1087247
1427756
1188622
1427263
1328946
629736
452948
1199603
1427755
741871
1084276
634094
744270
744270
201319
1849
1327719
1313649
1174443
1427268
1680589
1198225
383188
1055643
1199603
460541
1188620
98305
634096
1191141
1328943
1328945
1697900
1313649
1055642
453127
452945
1095923
1117003
1270292
1313649
247563
1327717
1087248
742264
741786
1516781
1516782
1516783
1516784
1371376
1427263
467949
761699
452430
1199601
261536
261532
261538
261542
456903
491600
491597
491598
733305
761702
771652
1326721
103213
219417
103212
1200794
1408300
460541
1085240
1592023
1071835
1061763
1311708
1326716
1635051
1199603
1311709
504518
1311709
1188619
255916
1277235
634097
1233702
307553
1085240
1055643
1199603
1204352
1249227
634096
340661
486191
1199601
617316
641106
1270319
1270293
1645759
1084277
1366134
1427272
1427263
1167558
1199602
489041
1087247
1270293
255955
1188615
1381210
1188609
201319
247554
634097
1419580
617315
486191
735910
1055642
1087250
247513
1200791
1427753
1186146
452945
1592025
1199601
1199605
1087247
1281896
439063
1084276
1061764
1427754
667390
247628
634096
1437042
1328945
1199602
1327721
1427263
1328945
364583
1188612
1197163
1061763
634097
1371374
567092
452430
453127
302395
486191
452948
456903
733303
733302
733305
1183093
1167563
1326726
105049
247562
1188615
634098
1301464
1199601
453127
1395723
1061763
667392
1061763
1270320
634096
380758
1328944
1395723
1085240
247665
1204351
1188618
552711
1311710
1270292
102612
1427265
1199603
391026
247607
1427751
1226443
733737
1311708
376639
744264
1320712
294570
322366
1306221
734142
634098
1437043
1270294
383188
452948
1199602
1199603
1320715
1204351
1565819
629737
452950
1199603
1281896
247564
1174444
1061763
1061763
634094
1537669
1575595
1328946
1233702
1188621
1327719
1249226
1249227
1249228
1249229
1249230
247566
1352103
634094
687731
1592024
735910
247572
1087250
742378
742253
1188612
634097
1328943
1697899
1395720
1095923
744267
255916
744267
1270316
98305
95299
545769
470662
1199602
397399
1199603
1071836
1071513
1167558
103212
1117003
1270292
1191139
1188618
1061763
1772156
744716
391026
383188
452948
641106
1201032
1327719
1061763
1188616
1061765
1419583
1233700
452945
452946
1061765
255916
294569
1167560
1627195
1201034
1188613
744265
1071834
1277235
747455
1327718
1398040
634096
1328945
1515008
247665
1324442
1197163
567809
1568854
1328945
744263
452948
1199603
1664172
1270292
741994
1764212
307553
1592023
1095922
1095924
1188613
1188616
201319
1306221
1087249
92134
1604226
1233701
1174444
628257
744268
744268
1095923
1627195
462569
1188618
741757
103891
1772155
1371370
1186725
1186726
744713
261535
94814
491598
641106
733304
733797
1204349
1093428
1071836
1199601
1326716
101955
105049
103212
1188621
1200794
1270292
201319
1186147
742371
634096
1515523
1199602
1199603
1095922
733791
744270
1320712
1427753
744270
634095
1537812
1537672
340661
1403209
1199601
1188612
1427752
1274890
733737
90820
102612
1328946
247665
742164
247572
1270319
1172642
634095
1233702
1199603
307553
1403210
1281896
747455
552710
1324443
744268
1693875
1328946
744268
552713
1199603
1087248
1204352
1084277
1324440
1188607
629736
453128
1395720
1352103
1270293
1427753
1188608
1249228
1249229
546272
1188608
516540
1084277
334058
452948
1095925
1085241
1199603
247665
1594245
1200792
1087250
1664170
1328946
617316
1204349
489035
1627198
1095924
1249227
1249228
1249229
1249230
1191139
1084277
744268
1188618
1635051
744268
1199602
703023
1337765
460539
1474750
364582
87594
634094
1371371
1437041
1506499
95299
1201005
294571
452948
456903
1085240
1270293
1437041
634094
634096
759071
1328946
1233702
1071834
489041
247554
1381211
744266
453128
340661
1592025
1084276
1306221
1233702
1233703
452947
1197163
460540
1327718
1188619
742127
1537811
1188620
552712
1188622
1270292
1270292
634098
1379993
1537674
1274889
380750
1604263
1328945
1199602
453127
1117003
1311710
1200791
1188610
1087249
1537671
452947
1199602
1191140
1188609
1249227
1249228
1249229
1249230
247563
1419585
1403208
1199601
453128
735911
1071835
1087247
440899
1419578
1328945
1592025
1188618
1671498
1084276
1671498
92134
95151
1849
1848
102612
1427263
1427265
1427270
1371368
1676058
1676059
1676060
1676061
1676062
1676063
1537669
1537670
1537673
1537674
1427268
1427269
1537672
1604239
1604240
1537671
1575596
1575598
1575599
1419580
1575597
1270291
1270292
1270293
1270295
1270318
1270320
1270321
771651
771654
771655
1270294
545768
545778
545779
452430
1592024
261541
261540
261537
261535
412471
452616
456903
491597
491598
491600
491599
536544
536545
536546
654535
733797
761699
771653
761702
1167563
1170196
1270316
1270319
6790
1188614
652161
634095
1379990
744266
1199605
744266
1324440
247553
1084276
667392
1328942
1249230
1320712
1188613
1188622
247564
1200792
1197164
1188620
453127
1395719
1311709
1087249
1199603
1188618
1311708
1200794
1427753
552713
1427751
247564
759071
1419584
641106
641108
1313649
552713
741881
733739
1537809
1328946
1277234
744270
1059988
744270
1204352
1564095
1311709
1328945
1564095
1188607
1156799
634098
247513
1187958
759071
1226445
1313649
1188614
87594
1183093
1196589
654536
1071835
1167562
1281896
247565
1424434
1204352
1249228
1249229
1249230
1381213
634097
1419579
499276
499277
641107
1281896
1306221
1324440
1200796
1191139
1324442
1226449
201319
744269
1395722
307552
744269
1084276
1274890
247554
1085241
747456
1199602
247553
1188618
1188618
1188611
1381212
1084276
1427756
255955
634094
1611000
1565818
95299
322365
1174444
1311709
667391
744266
634097
1233703
744266
742234
1274890
1188622
1197163
1306221
1188620
1610999
1419577
1328946
452948
1199603
742111
1188618
552710
1311710
1187960
1198225
1381210
634096
1188615
1233701
404179
744269
744269
295629
1188614
747456
1427754
92134
1071834
1197163
1188611
1274890
1188615
98305
1366134
380761
1604234
1604235
1419587
1328946
1525918
95299
453127
94814
491599
491598
606660
1167563
1167560
1326712
1324441
103213
1191139
1327721
742269
1188613
1188609
617317
641107
1281896
1427755
1274890
1352104
102612
1328946
1095925
1281897
247628
1277234
1274890
742187
667181
1328945
491598
733791
1071835
1199601
1327717
667391
1616698
1249228
1249229
744269
1281896
744269
1087247
1469111
1683176
687731
1635051
1186148
1364958
453128
606660
1327720
1188607
1188607
460542
1328946
744270
617315
744270
1174444
1274890
641106
307552
641108
546270
247566
1188615
1320710
247566
1186146
1274890
1087248
1419587
1233702
1320712
1200794
1198225
667177
1419587
1653246
1371378
641152
545768
452947
294570
733302
1226447
1301465
404183
1388214
1403209
470663
1515009
294569
1274890
1236873
733737
1328945
436375
440897
1087248
641107
1427755
1427755
1200795
1419582
1087248
1326726
1188617
552710
1610998
1328946
744717
1095921
1188611
1191139
247628
1427752
1604262
629737
294570
1199603
1427755
1352105
1274890
741879
1233702
1186726
1320710
1095923
1408299
1188616
87594
411503
247628
1295892
1295893
1295894
1295895
1295916
1295917
641154
452430
545767
654532
452950
456903
1170196
1326726
31132
718924
247573
1188610
1627196
1188619
1328944
617314
1226444
1174445
460538
1084277
634096
307552
1095924
735909
1427754
1328943
1087249
1395071
1087250
634096
470664
1311708
1084277
1427752
247607
1537809
1328946
1059989
1084276
247564
1564095
1200791
634096
1328945
1274890
1324442
1233701
1188615
1188617
718924
1627196
1187958
95299
1515008
1515010
1515011
1515012
1515009
747455
747456
1187960
261541
261532
344959
436375
436376
452430
456903
491599
491600
733302
761702
761699
1071836
1167557
1167560
103212
247572
1398042
1474395
742404
1293546
1327717
1352104
1226442
744264
1311709
255916
1203566
1328946
1328945
1697901
1071834
1188617
1188620
247563
1419585
1328946
1328945
735909
247566
1188612
1419579
641108
391026
1188620
1311711
1087247
1419581
1328943
383188
460538
742250
1381212
1398039
742198
567809
1718903
453128
1084277
1381213
634095
1419578
1328943
687731
1427756
1537809
758733
735909
1507186
744267
247628
1419582
1604236
1328946
1233702
1265674
1167558
744267
412472
744718
1183093
491597
733306
1281897
1427755
1311710
1328944
1597168
742073
1188607
1366134
1592025
1174445
1084277
1075144
294570
735911
1311710
1188619
744265
634094
1379992
1419587
1328946
1592024
744265
1281896
516541
1324440
1188617
718924
1737238
1233702
499276
499277
741857
1352102
1381211
481887
641107
1395722
1352105
1274890
634098
1328946
1233701
470662
516540
1469110
1204351
742035
102612
641108
1204352
1352104
1585985
734142
92134
1765545
641108
462569
247564
103893
1328946
1167557
744713
654534
1183093
1167561
742224
1427751
1667225
1281896
552713
307552
1095923
641106
1071834
1274890
1568856
758734
1281896
1198225
1188618
758733
1087250
1469114
1117003
102612
1664171
1199603
1198225
1186727
744266
744266
1199602
1764214
741936
1328945
1095923
1270293
1328944
1233700
735909
552711
411503
1765543
1379991
1183093
445555
491597
491599
491600
733303
1167557
1167563
103213
247563
1191141
1274889
1270294
1174445
1320710
1427753
364583
742043
1085240
1424444
1085241
1071835
383188
1352102
102612
1769260
1199601
552713
1117003
1188616
1324442
1191140
452950
201319
567809
1087249
734142
1226449
1652220
247566
1277234
1199603
1095922
735909
1277233
1188619
1313649
452948
1085241
1188609
1174445
1732438
1198221
470665
1188616
294569
491598
546272
1174445
552711
1188612
758731
552710
102612
1197163
1200791
1226447
1281897
1270291
567809
733737
1197163
92134
758732
307552
1765546
1087249
440898
1737238
453128
294568
452950
1199602
1191139
744267
1087248
1117003
744267
1463671
1645759
1201033
733737
546272
481888
411503
1604237
1233701
247660
247661
247645
95299
761702
1183093
1183094
1183095
1588491
329738
545778
744716
453127
744718
261533
261537
261538
261534
667379
1093428
397399
491599
491597
491598
491600
606660
761699
1167561
103213
1087248
364580
718924
1204350
307552
499276
499277
1352103
1311708
1274889
1188614
706965
1197164
1328946
1274890
667179
383188
1281897
1087248
744266
744266
641106
552713
95299
1199601
1395722
1188610
439063
1188618
1568857
735911
201319
718924
696769
1270293
1174445
1653371
1653380
1653381
1601729
545778
445555
456903
1167563
1167560
1427754
1188609
1188612
567809
1270291
1233701
1427751
617314
1592024
1095923
1199601
1381212
1071834
1174444
1186147
1188607
491597
1174446
1198225
1174445
1197163
734142
1186726
307552
735911
1188612
1592302
1188617
1274889
87594
261538
445555
491599
452616
1071836
1395719
1183093
1167563
1167559
1167558
1204352
499276
499277
1274889
744265
617314
744265
1352104
1537812
758732
1095925
1199603
641107
1732439
733739
718924
1087249
718924
733739
552711
1095922
1200793
1366134
628255
758733
1585984
718924
1427754
486191
516541
1604225
607832
1174445
1765544
1601728
1198225
1093428
1167560
1087250
733737
247513
1274889
1627199
1174443
1328946
1226442
1274889
470664
1305665
758734
499276
499277
1087248
1186145
1419583
552711
742266
744266
1328946
491599
744266
1174446
1324440
1174445
1174446
733737
499276
499277
1199602
742268
733737
1437041
1198221
641107
744267
1197164
1274889
1188620
440896
87594
1737238
1167561
404184
744714
545779
329746
1183093
1071836
1167557
1199601
1281897
1200793
1537810
499276
499277
1174444
1174443
1311710
1437041
1568854
1199601
1311708
1226448
546271
1188621
516540
1281896
452947
617315
1188615
742328
1327717
1381213
1381211
593219
1199603
761699
452616
667392
761702
1071836
1167560
1186150
1270291
376639
742289
1174445
744265
744265
499276
499277
1281897
1281896
1197164
1274889
1772157
1084277
1352102
1095925
1174445
1188614
546270
1188613
744713
742374
546272
742145
1424443
641108
1201035
1084277
1313649
567092
356393
1167561
1167557
1167563
1188614
1087248
460540
356393
1174445
1188614
1197164
1427752
1084277
1277234
247513
1381210
734142
1324441
1233703
1281896
1300949
1627197
1328946
294568
1071835
567809
90820
1199601
1270293
552712
486191
1174446
1087249
1366134
1167559
545767
1199603
744715
460542
1188620
567809
1198225
1281896
648824
1197164
1188617
1427755
1186726
376639
1226450
734142
1197164
744267
744267
1197164
499276
499277
1199602
1311709
1270294
545767
1199601
1095925
1204349
1167560
103212
103213
1087248
1427753
741791
1419584
1199602
733739
536543
617317
641108
1281897
567809
742049
1419579
307552
1174445
1732441
1174446
1537809
1281896
1186145
536543
1188618
1095642
499276
499277
1395721
567809
1200793
567809
150527
1183093
545779
607594
261537
456903
1167559
1326712
103213
567809
1604222
1200794
1199601
1281897
247607
741868
1328946
1186725
546270
1668441
404181
1427755
1270292
1188617
641107
1084276
1474750
1197164
92134
1198221
294568
636747
1087249
1084277
1078008
1327717
1327718
1327719
1327720
1327721
1737238
1664169
95299
761699
1270292
1270294
1270295
1732438
1732439
1732440
1732441
1395723
329745
261533
261540
261542
261537
261534
617314
617315
617316
617317
1395719
452616
499276
499277
1196588
1167560
1311708
1311710
1311711
1311709
247513
1427755
364581
666991
1199603
1204352
567809
200620
1084276
1199602
470662
247513
1199602
1085241
1186726
1199602
247665
364573
567809
742040
1198221
1233702
1592023
1188616
1186727
758734
499276
499277
758734
391026
1095924
546271
1188608
1274889
98305
1199603
741780
1095642
499276
499277
247573
1337765
1197164
744265
744265
1244849
1293544
1324441
453128
1419582
1233702
404182
641108
1395721
567809
375388
1084277
1095642
1313649
1174446
744263
94814
1186727
1167559
1167563
742062
1300949
1274890
1424434
376639
734142
741948
493251
1604228
307552
1568855
1183374
402011
641108
1084277
1419581
1437041
1568854
1537812
1188611
744718
641107
294569
1281896
1437041
742327
1084277
1084277
1204349
1095921
1095924
453128
456903
1093428
1167558
1635051
1186727
1071834
1274890
1075146
402012
552712
1537809
1233702
1095923
1537810
567809
1174446
1199602
1274889
1084277
1199601
1274890
1683175
1274889
1537811
1188614
1313649
744718
412471
101955
103212
201319
567809
667175
1469112
1095922
1419582
404180
1199601
1200792
628254
744718
499276
499277
758733
1117003
546272
1174445
499276
546272
247665
1199602
1200793
741978
364573
98305
1608397
567092
545777
261540
733304
761699
1474750
1199601
1199603
1174444
376639
375387
1627199
1250696
1585986
1197164
1200791
1198221
1537811
636747
1197164
567809
706779
1277235
1095641
741797
741933
426716
1281897
1188619
351909
1167557
1167561
376639
1200793
1537810
1188622
1174446
453128
546270
1352103
364582
1174446
1300949
1197164
1188615
744718
1277233
1199601
1564093
1188615
1564093
1469109
1183093
445555
1188622
1174444
1328946
1188614
1293548
1174446
1095924
636747
744718
1427753
1188607
1174445
1199602
499277
1199601
1281896
1281897
1398041
1095641
1281896
741775
1084277
1188607
1469113
1274889
607594
744718
669773
1167561
1328945
1199602
1174444
1188618
667175
1537812
1084276
1188607
1188615
1604229
1328945
1198225
1174446
1201035
1186725
546272
1174446
1328942
744265
742167
607832
667175
1233700
1186727
607594
453128
452616
1084277
741702
1539660
1668484
426716
1199601
1188619
1188616
453127
1199602
1188613
1226450
504718
588339
588339
588339
588339
499276
499277
1084277
470666
1188616
1188612
1188613
1188617
1188619
1188620
1188610
1188615
1188607
1188608
1188609
1188611
1188614
1188618
1188621
1078008
1188622
667175
1116550
721014
721015
721016
721017
721018
721019
721020
721021
721022
1421496
1408300
1546495
1546496
1546497
1546498
1546499
1446252
1392167
1506498
1381210
1381211
1381212
1381213
1591762
1187958
567092
1525918
95299
247633
247646
247672
247691
247632
247645
247661
247634
1167560
1421493
1421494
1421495
351909
492150
1469108
1469115
1512286
1512287
1512288
1512289
1667682
1667683
1667684
1667685
375386
1186727
1199601
329744
1352102
94814
1597933
1199602
1199603
1187960
261534
261535
261539
261541
261542
261532
261533
261536
261537
261538
261540
546270
546271
546272
552712
1087247
1087248
1087249
1087250
340105
486191
462569
460539
460541
460538
502010
552711
606660
735910
735909
735911
1427756
1324440
1324441
1324443
1326726
1326712
1324442
1274890
1300949
1419581
648825
1186726
742055
1226445
742401
499276
744718
1174446
1087247
641106
1201035
1244849
545777
654536
456903
1071836
1167559
1203565
404184
1281897
1427751
1419581
1095641
1071836
733737
758732
1071834
628253
1585983
742313
1366134
758733
329736
453127
1174446
247554
1277235
742134
641107
741935
741977
744718
1764213
758733
1293543
1627197
1071834
742201
1281897
1293543
516541
1183093
607593
654535
1167559
1084277
295629
364573
1095921
667390
1071834
1668485
1191139
1198221
1328945
758733
1604223
1084276
1604230
607595
744718
742006
1226444
1328946
622696
1324442
1226443
255944
1084277
1226454
1197164
1274889
641107
329737
607832
1772155
742403
1186725
295629
364573
1326712
1084276
1272067
463221
1631255
1084277
1274890
463221
741980
1095921
1233703
744718
1167559
1293546
741793
1484720
247564
404180
641107
1186727
1668482
247565
1085240
742141
1095924
1087248
667441
733800
1130047
1163569
1085240
1646994
1156031
1668438
1437042
665696
1130047
1174856
1249228
1156031
1163571
1249227
1469095
460540
1174856
1130047
1095924
1087248
1249227
1270291
462569
1474394
1061764
1324443
1311708
634098
1403208
1095921
1199601
1188622
1200794
1186145
1084277
1327719
1084276
1188618
1427264
1328943
744270
453128
452945
1204351
1320711
255916
1311711
1427268
1233701
